2.005894546250618  8.004859595869137  6.104749982970711
-0.11444663143828371  9.842129869614533  4.854144713831502
-2.397063216790952  2.8877599286697055  3.3928816815165623
8.343437423045973  2.9607656817683954  2.7736385303062407
5.880983280790069  3.6035548544724327  5.651717955493353
4.110401478288697  4.031220076779828  3.676619058467014
4.08152465961913  2.2723845044731568  4.162285312183773
1.3564833292700444  -2.592320142967127  6.4035184311521895
5.3822835748092235  -0.6062476043523217  4.940225095745701
2.7939754513788313  5.19985077397272  5.959835214300502
2.463332709021474  -8.56118707302272  4.060743194977118
4.768248611484552  2.4637502354656076  3.278202147079348
-2.995818113158798  1.4584643834613364  5.318371902564792
-3.910252744558642  1.362117045248526  5.682090678121101
2.7663544053796385  6.256912031812597  4.524320206400573
-3.492361616695338  4.845580189302963  5.734423859488146
1.0710542985198104  5.730008059056422  4.794811292121929
3.601798474189476  1.8277588220764873  3.0395322863088445
3.7660082370173376  0.19601335188143665  3.742406553539398
-5.211650860219213  4.074961394304175  3.068343495941245
-0.31592423245169354  3.889975305089492  5.621597512534073
-0.14498982673822725  0.6779915529019034  6.071545664625149
0.6299103494699376  -5.411319155331578  6.771103319907816
1.2887314679369735  4.882333644402005  5.686428824650804
-2.124792136689673  -0.29389886382581  6.215266460122754
-0.20966397857218189  6.163883739958411  5.8714009645465435
2.3227462696681878  3.9113742032739767  3.9839544694398885
0.8026211683416771  3.973480860865339  2.661545188679025
-0.4613788237870171  1.7471872942677618  5.3842628345812305
-0.44467969415465824  4.492412042057821  5.0278071343028445
2.60047879779023  2.2499482694208286  3.2333321603889624
1.6168114963449831  5.542816813178021  4.713205865595137
1.238060495362112  6.3444881068772  5.406598751944578
-0.10526388011515087  3.203432817392397  4.818074769183529
0.22991005083534466  3.8689939779321776  5.797729246948781
-3.3777574361612963  8.904488068344158  6.049917326083952
6.1009025372942975  4.548276777520001  6.5262894491186065
-0.606216237463924  4.290531501414953  4.345890244553457
0.19993851978552457  1.0360254785386471  3.8581339177442473
1.428327566502874  5.103073167060754  5.38736913049716
-1.7781475786335408  4.7885612043058945  5.40689922817705
0.8065340838995184  -0.6928386211445261  5.55542542287022
4.8285206897147335  8.277729515591108  4.331298163819665
-2.8028956927621214  3.2473823059240154  5.33173949341039
-2.3099871172771933  3.69105899037134  3.852891211674497
1.7782136093602898  6.9769568723823765  5.159622607825304
6.866483331645928  7.08378518609498  4.906679934740182
-0.18149512702626458  4.765200644473231  6.184509369771881
-1.362987985164854  3.8321313711472205  4.770877094986905
-3.057396110469883  7.168980390517944  3.0993279166680763
