-0.6739476121914778  0.39888997499517176  0
0.5859823271400093  1.5447672433144009  0
0.5822267115593742  0.7963384090282714  0
0.2946050016481481  0.5893973386932903  0
-0.9670405710513695  0.16337974821312562  0
0.076234077488897  0.4958059339128523  0
0.2736396189168559  2.609449159868288  0
0.2481254840743554  0.7400083272010975  0
1.9923508361635223  0.3692030782387945  0
-0.7521075120063452  1.2440801809021935  0
-0.5712257090511709  1.091464352189518  0
-0.1905129637538791  2.692328524454008  0
0.11970037846233163  0.6074775029667288  0
-0.7037753444101069  -0.6973704550218844  0
1.0971086678767075  0.710950506822414  0
0.38775978844633663  -0.8342467313523103  0
0.3654501241086299  1.1123907618155626  0
-0.3316914127039211  1.6870795549146131  0
1.0467211202871152  0.868841378171044  0
0.013561076681100096  2.069749742085582  0
0.20794975404875815  0.5961367867777918  0
0.3686520999884591  1.3871625036596045  0
-0.1963638577710123  1.5497404997438484  0
0.5952016028475777  0.9773332649064448  0
-0.41551471649940014  -0.244394129879711  0
-0.1666406598272177  0.715329666833763  0
-0.2875681143846152  1.8138271145767617  0
0.16202700083509208  1.04090180903986  0
0.3151166052320047  0.5224021635846843  0
0.27443164698377576  1.7849368497471523  0
-0.31146856422965913  1.805943918022988  0
0.36415171120855294  0.5076475459448502  0
-0.18956685075910445  1.3863244786056743  0
0.42548430049256925  1.8005946175838137  0
0.6217795444172155  0.5472846710593462  0
-0.5823235110341682  -0.03985433415659578  0
-0.21119629460576425  3.0607009046447287  0
-0.9619239427703192  0.28823351123475016  0
0.07525719589034871  1.353891271445302  0
0.04399238347243824  -0.04195021114068043  0
-1.3160740803760231  0.2887529807920046  0
0.7394665034461165  0.12451004810939026  0
0.0371917245619437  1.3148159185702357  0
-0.8764852091262922  0.2375336681995085  0
-1.0784233890799948  1.0901291604752024  0
-0.003211252374431176  1.1345406045485738  0
-0.12347868192451626  0.5365308035203632  0
-0.4013774574499766  -0.06414789481775984  0
-0.2540644178000272  0.37899662522951116  0
1.324208520386174  1.1838828064821296  0
0.10560685236313465  2.042289780143514  0
-0.8044637626958678  2.044641590976529  0
-0.5138162489387706  0.253694403449371  0
-0.8969858741455772  0.2609693609149786  0
0.05735910221309896  1.349088627661861  0
0.4105590438699127  0.46220875667538963  0
-0.6830908486141383  1.7878770812541074  0
-0.6138695008161497  -0.12639520517261116  0
0.9623158688505438  1.0860264680992062  0
0.870747460382371  -0.06851345349654725  0
0.3581119554632515  1.8289763471034468  0
-0.4261773471171471  -0.3937718569283528  0
-0.24951642875183283  1.7372469989534856  0
1.775829359399587  1.1326664885407962  0
-0.7466184055631587  1.5300742231599913  0
-1.5201942948598917  0.0947216117326467  0
-0.042062629627906266  0.45816928821365543  0
-0.43649337011323674  0.7525392901867503  0
-0.668188337131676  1.6844402075750948  0
0.5106663439209277  0.0477117257994224  0
0.5384742967058136  1.7671135614473896  0
0.3167847641090273  0.9257807100116842  0
0.5455019813424496  0.40280887950372546  0
0.8916125504663136  -0.12459227883679325  0
-1.0912845122598411  -1.2142523416080762  0
-1.0227105862078811  1.4655769666963694  0
0.2479987801649085  0.3340599017679867  0
0.06408562051673483  0.7469430839424045  0
0.8764843968092968  1.5090235243569006  0
0.4150078557262779  1.7294044042022958  0
0.843049110095666  1.1243283402596158  0
0.010633677185036463  1.890665920114625  0
0.9084725386665174  1.6581317651836258  0
-0.8350443931781611  0.9915387934788142  0
0.13523277918909102  1.5828578731297736  0
-0.18634380689801366  0.9090881877543338  0
-0.40239624559219017  2.437233172641237  0
-0.3105468610834464  0.35302870491418714  0
0.9683330170908715  -0.056040326130855744  0
0.6580895470683601  0.7950538926293428  0
-0.1564127353580387  1.6626273933207414  0
-0.16628598464170244  1.8211569977051223  0
0.39975385169092936  1.4081949570395693  0
0.23545285562159773  0.8175257830830535  0
0.20134498616688848  2.117659189541615  0
-0.0115247580796389  1.3179821973988588  0
-0.06392670657461372  1.8060370383950464  0
-0.06224584502349415  -0.3292705124521005  0
0.2449855725571706  1.7576931716952675  0
-0.1130237370634059  0.513145267674409  0
-0.25193873577635334  0.4921888685064758  1
1.2910829715316328  0.8264776515375369  1
0.3199865580531966  1.8128509377666973  1
-1.2026467988638916  1.4575101452078196  1
0.44662543534930216  0.5673717167785086  1
0.4983757028330692  0.5484516105534651  1
0.5029828966807626  0.7115824370012982  1
0.8710235874593787  -0.0042839035818083016  1
0.7840205006992768  1.05185310743624  1
-0.49593689819140435  0.3003771826255176  1
0.10811722741513409  0.36749606539063373  1
0.888949834003017  1.1525326836221688  1
-1.4373839674804838  1.413342240175932  1
0.1677919322130022  0.34595368551402494  1
0.3138659904149475  0.8342078907216974  1
1.1221197161366476  1.5442889247700058  1
-0.416082023046379  0.6351895462931285  1
0.020426052704025928  0.2951654976356698  1
0.8185734748230319  0.75386759520416  1
-0.1592984589109943  0.8625161503697157  1
1.0364350437210395  0.9361732770364728  1
-0.2480899091582204  1.342655780459059  1
-0.9271038976467947  1.443876380150641  1
-0.44393719176500246  0.6161314698768505  1
-1.0775634168337636  -0.0089705081071767  1
-0.69098973117633  1.4170004752890053  1
0.27368097034843253  1.0136401388759413  1
0.8181138444257803  0.4001717144456194  1
-0.28891261813665386  1.1559521911916184  1
-1.304066693753705  0.4882177559083677  1
0.06531992988067062  1.3055668333962096  1
1.3740152381532609  0.8957418967785754  1
-0.9606658551630467  1.4387750297697202  1
-0.2281204543570001  0.24630849496090212  1
-1.5339365412182235  1.0673772293161246  1
-0.3008242268022907  -0.3391307698510655  1
1.626822647291453  0.8410243511861075  1
0.5505984810805518  2.3739323163133044  1
-0.5614534706923491  0.7817248062292804  1
-0.057783108652699464  1.3075192396921111  1
-0.02913247776405894  1.2937769392514888  1
-0.09358956287947662  1.3187251037745353  1
1.627903258331276  1.06709368039564  1
1.4118986878520932  0.7322787458603119  1
-1.7919591903469057  0.0013259082338605843  1
-0.21124851556633822  -0.20917004001565642  1
0.6519178841947181  1.5432112980787025  1
-0.868227123631377  1.0463674872519797  1
0.8651071726267966  0.780303458084176  1
0.5944740350517443  1.7127300945101283  1
-0.5369078756378107  0.7697215932077828  1
0.8481909106629597  0.5337649095747719  1
0.025677886902270797  0.3794947755261229  1
-0.25278012666350663  1.6292439329616442  1
-0.8767182264090086  2.0391155470764937  1
-0.7702405139037074  1.2689891746738489  1
-0.3846966429724572  2.8473523721943543  1
0.5191324799062715  1.7559650916195881  1
-0.7372030939915128  0.6330172473921085  1
0.16213156433779558  0.8408893967040539  1
0.4321298489894217  0.8790844743345434  1
0.6640289720910866  0.5270767487258916  1
0.014702380504459526  0.3361688549881021  1
-1.6178465490622251  0.6583066932585384  1
0.8402992908253173  0.33239080764569173  1
0.4882644903294134  0.18119997057328274  1
-0.687712910488599  2.143823267273405  1
0.30664671995907083  1.0907486912357076  1
-0.6251077191169713  0.9449461623085762  1
1.2596967565937205  0.5723804349612289  1
-0.8331974808212604  1.0798772526983946  1
-0.2763352763926799  0.6152832856421904  1
0.029611239614199054  1.9122869009631134  1
-0.08554847998562816  1.6330729152963064  1
-0.9874996527490837  1.8185185142416511  1
-0.33722588323846714  0.9429703424182052  1
0.0346194737489038  1.5145686921153685  1
-0.5890929340502603  1.3549055534917054  1
-0.6932650352988247  0.797997192475349  1
0.8899897763775083  1.6868462394424986  1
0.22680907387034446  1.0422107427570788  1
1.016840614984819  0.9078180628827864  1
-0.4412229374397727  -0.9155945529644576  1
0.47144959925744945  1.8286992570794625  1
-0.14076700356276065  0.2805310525116065  1
0.5024032020136607  -0.5795642467271547  1
0.10050783142837386  2.0328872455022324  1
-0.3470201138705419  0.8947766659478691  1
0.01278911598712149  0.15578809372557378  1
0.5682726467101694  1.3356101497014334  1
-0.37805611140424655  0.672366326966306  1
0.11273829783030732  1.7752248303262483  1
-0.1788778798613511  1.3014284880947846  1
0.8520724808624528  0.5520693410270946  1
0.5372584654044698  0.11008008742930686  1
0.1812459523333827  0.8281797877327317  1
-0.2764224316999384  0.49823824705645003  1
0.22864761910745282  1.302570639854706  1
1.4084764813882404  1.7460411647638603  1
1.4755251745133913  2.5642428960468764  1
