-1.3436393296406222  1.2871171481915293  0
-0.0437043813229271  0.5619175569891962  0
-1.0159495414957926  0.865433697350451  0
-0.09602222192161702  1.0344641147188398  0
0.36003208687843286  0.3836006049605549  0
-0.749852506184246  1.4495815464337336  0
1.205269783415491  0.06452061445499302  0
0.29450645347229276  0.45395494269444703  0
-0.3569950235776622  1.6366915977997119  0
0.8969789841018108  1.1516482417687788  0
-1.7476987739006116  1.2801838828700272  0
-0.35028760282286575  1.845322275413162  0
0.3753981778282384  0.715319379039872  0
-0.35789775459968654  2.4006484043496505  0
-0.6309697215107648  1.7446993553716275  0
-1.6492998352690067  2.1701732552495887  0
-0.03447960849321191  0.19678106732121403  0
0.5188263215406247  0.8228828476505093  0
-0.029544044935087086  0.6916661062764464  0
-0.5988493600901599  1.3436044721468656  0
-0.33035559688868577  1.1581348062034913  0
0.4550563198263665  0.9472186761464938  0
-0.637658664674161  -0.6577798066894562  0
0.497237081199943  1.435738994337742  0
-0.9604467425207889  1.288912272938599  0
-0.2923898357179121  0.15698103495047866  0
0.8430089592099719  1.345538290707093  0
-0.15751747622301313  -0.2828133003928026  0
-1.2163608413923788  0.5732536399402399  0
0.5831581060358612  0.49080076611486556  0
-1.2756673535307126  1.2093686487706132  0
-1.1634772475948354  0.9555246427379569  0
0.063035014934512  1.5935543098313172  0
-0.03282070636852443  0.758877507895545  0
-1.7415804594564768  0.5390915902373599  0
0.1622965609271971  1.9237592762667475  0
0.14782785277144683  0.8885380944709982  0
0.3602881075525862  -0.07902707046236634  0
0.2696953127440665  1.2887498371590649  0
-0.8752777935994945  2.7892639089088185  0
1.485494693709496  1.6802244389263146  0
2.457304542743751  0.0770399238291698  0
-0.08974132131706962  0.24906174753198973  0
-1.022845717918066  1.623241389143144  0
-0.27164981872500404  1.164046979234868  0
0.738695508162048  -0.5497599938327318  0
0.4672574144059598  1.6273776392423014  0
-0.48303592103380405  0.4961208172743611  0
-0.30677980386772724  0.9740993441772221  0
-1.1886923930796838  2.072881139896506  0
0.4006467792387569  0.8947314914743214  0
-0.07020197495174978  0.22858593844409436  0
0.23093587342253663  1.5252084326806892  0
-0.005147611994011168  1.4623068388566156  0
-0.21257618531183373  1.3085730642685653  0
1.083354655226731  1.7923441077188575  0
-0.38024948208589865  -0.20779495418468374  0
-0.48169230176407557  0.8429699505976732  0
-0.06919894554265332  0.12467057816457305  0
0.19732178361195665  1.4087598496689342  0
0.6171907035698844  0.8081442713150723  0
-0.4333328515814231  0.7348926804146179  0
0.3920491928437174  1.790693574618508  0
-0.5863092573371799  0.35231484679436653  0
-0.47067012336871206  1.2178237524981974  0
0.08002760969040264  1.8751967904625437  0
0.13871883834313856  1.0273308204748002  0
1.1379430366610281  0.5953028563532721  0
0.9202651131460273  -0.5789502630281904  0
0.9389960474315855  0.584469504476274  0
0.7171142978042301  1.4284036144833987  0
0.15451062150978684  1.4443918247581193  0
-1.1529252948676612  0.010577425622664949  0
0.07959153776443831  0.40610713091286765  0
-0.36551717009559304  0.6745750886161574  0
0.8346808961280547  1.5906860730198875  0
-0.22314555384901716  1.1908151809582752  0
-0.4634848215941359  -0.5436022316167275  0
-0.20657531836383072  1.5467663537337497  0
1.1056796162875717  1.0646409356963409  0
0.24828316326759683  1.7829997345517676  0
-0.44782890193204294  1.1866924627964583  0
1.3432724174965658  1.3351514769741928  0
0.137524055705924  1.2873184970059328  0
-1.4293951647635206  0.9302901913556645  0
-0.45412702169189784  -0.3512493699089352  0
-0.849191146977417  1.063784830227051  0
-0.7723546440311143  0.8145908915564751  0
-0.12065546231623117  1.03072904759193  0
-1.1936293241065707  1.5593587182636792  0
0.5444251152563885  2.021388388689054  0
0.3968648785086453  0.4398058285311559  0
0.8721661063734871  1.3416745980708682  0
-0.49199693313069737  0.7670457704082442  0
-0.6214976934116704  0.15213400338297134  0
0.10219192025116319  0.7632749460278796  0
-0.7201377862333006  0.506354169938382  0
0.3711628196459256  1.0015272729139761  0
0.624965744275593  0.27566055627450314  0
-0.41096366387036376  1.597760908599004  0
0.6254412364120504  1.9932354169927284  1
2.0163208395291523  2.817134805210281  1
0.8278499746230464  3.118579516331615  1
2.6573252034504673  3.1520326975708044  1
0.7628172165589573  2.201788147141809  1
1.2564199677887458  4.362439360330987  1
0.4034170686531624  3.510469961769772  1
0.005556034766563633  2.2154471603808474  1
0.1960056461561841  3.7830774971125494  1
1.0286354031481062  3.449941822990282  1
1.3395600555974365  2.7286290479789153  1
0.871463100538761  3.2872916085538155  1
1.0517308366836653  3.335166800624427  1
1.5246924204742651  2.363091518258229  1
1.6885653998382266  1.9043721076478854  1
0.5435112816473675  2.652488897101426  1
1.7817422597932913  2.99259955000181  1
0.8789235787547823  3.7114395178158484  1
1.4380397616017828  3.87890798889099  1
-0.0197966454815941  2.2753837664061978  1
0.683320180527542  1.9387656542908396  1
0.7517169988334055  3.5202464938157116  1
1.0744851146840735  2.7747611656885542  1
-0.42727185543514845  1.688983230467397  1
1.2481975941580008  2.511384243635802  1
0.7337035186968032  4.240395876479292  1
1.9180529235006232  3.790621494578858  1
1.008043009306254  2.9839596347675656  1
1.4007629494099325  3.4188157340000043  1
1.340846804844656  2.6404846569008815  1
2.2318305835730428  3.2547084539007005  1
0.9113930182756778  2.8420458004759257  1
2.568688110928502  4.070508251122973  1
1.5457610244940256  2.160987989317127  1
0.6603368225687845  3.0887388625419483  1
-0.39491457107370476  2.773535764491584  1
1.16554688273489  3.358428378776627  1
0.23037483066144127  3.900864836418047  1
1.218281867957266  2.3446084336933355  1
1.6823511543509735  1.753909353489583  1
1.3350267543276118  2.6859600134969246  1
-0.059734829518236277  3.199924639687243  1
0.824730578920687  5.101810005860315  1
1.7038736268819188  3.2920019841301245  1
1.7167314397791449  3.148051885902468  1
1.8686481819685203  2.75364192387984  1
0.2990472852954795  2.67668323910309  1
0.8946456037409621  3.491861468797483  1
1.0982710843129175  2.5212551081921863  1
0.7639803649587136  2.152183142997064  1
1.5965981797442488  3.329029054346077  1
0.3569761005456398  3.6039783502884473  1
0.6953087147776058  3.1986245600643075  1
0.9335048979109285  4.239050287063495  1
1.3161162332963219  2.3305557392562886  1
1.989089685785377  4.013928867703346  1
0.6082131722825834  2.8783493569675342  1
0.379073428923995  2.0075528444621202  1
0.16864615764189717  4.566860429339853  1
0.6652949374035677  3.3074404449762302  1
2.132659842947386  2.3813540937464426  1
0.05573908089446333  2.5786752970439166  1
1.6860550152553797  4.1943376689884815  1
-0.4215897003529696  1.80958578112944  1
0.6178313785383985  2.8657383422722424  1
0.302137496503585  3.5627771404386057  1
1.1266681396687799  2.5785035266204654  1
0.14814076864961911  2.753852663211134  1
0.47398495937404184  3.0467851448689975  1
0.9517463671944829  3.2160765649703635  1
1.5803468098815885  2.5969422727176097  1
1.7719055702516049  3.267088069106998  1
0.7793735463686727  2.963492272264802  1
1.8681233529973462  5.00755354159694  1
1.239647388552992  2.2037936107070073  1
1.1190557296414458  2.545162872904252  1
0.1621568818198046  3.250459238869504  1
-0.1456698253029589  2.241010968098256  1
0.745869019340391  3.083831470896738  1
0.9345302589656259  2.2540639668155595  1
0.9332427348280692  1.6208665563736553  1
2.4760283339919793  2.9209566710142565  1
1.1406589187297849  3.5176555875744673  1
1.006692659697364  2.8611492478499914  1
0.9051608403614693  1.7471578442390738  1
-0.5953616273102995  2.6599861144225105  1
1.2053886579320225  2.738862518054311  1
3.0707897804226967  3.386218982799389  1
0.5946985144748763  4.382776560724669  1
1.8318511227566527  2.593808221148554  1
0.8438775699055595  3.8014071063719603  1
-0.10042311762232226  4.064301736870281  1
1.2434257219483758  3.5387662469782817  1
0.9775510715200204  2.4507339938915944  1
0.8698534700811931  2.794796758472672  1
1.070079935420983  3.282256467818871  1
0.9711690254004963  2.0252550107432157  1
-0.3214306520842991  2.673843055464952  1
0.9122953882896054  1.9211222140935966  1
0.8866570290692335  4.4502842403616  1
