0.14878053616049472  0.34157024744377373  0
0.14344177576487968  1.1466016334701994  0
0.10487000376597314  0.3892856046463191  0
-0.43472199046442433  1.063506537862367  0
1.1624597919969732  1.2645892834416759  0
0.4858534142052262  1.399782361839284  0
0.7873564426260461  0.33551926410578203  0
-0.7405224310871301  -0.12585633521583506  0
-0.940147916912293  1.6465046488426711  0
-0.8183917073061425  2.89839226827025  0
0.11914741743288398  2.099042950294892  0
0.18886777694737597  1.0293385238353352  0
0.011690000429686478  0.689970912915815  0
1.3134590639289554  2.138048714986666  0
1.7362566773082733  2.4184962086520065  0
0.8325508998310132  2.4281897923278803  0
-0.25140966251183594  0.8949544827092344  0
-0.326096555842912  0.2625411823066247  0
-0.38054436666164504  -0.4636671533557253  0
-0.2012654999535408  1.5193861127097912  0
0.0651525325601671  1.9831790307911281  0
0.5576285985227709  0.8579164252646145  0
-0.28799144051874115  -0.34470982866715905  0
0.4471831931784694  0.49385344364946937  0
-0.3798976145729685  0.9642351351071936  0
0.4895003747426957  -0.2184155750099559  0
0.3263406831892716  0.8951441174611443  0
0.9613887133258397  0.6731056141664642  0
-0.7000891049301009  -0.38546173041975407  0
0.9323824279545118  1.432187144987851  0
0.30210519436267924  1.611995253064054  0
0.9775062734487348  1.6156983215749428  0
1.0289360873121798  0.7826781978504577  0
0.8821364134560971  2.9073377312561206  0
-0.4912124678146591  0.9531915013650761  0
-0.585078348928078  1.1593287779940002  0
-1.107972128199972  1.1851947186503788  0
-2.860168210354662  -0.923160657849303  0
-0.19467912419098024  0.7451049820048297  0
1.187914846574879  2.7194409472678718  0
-0.8992840464690804  -0.016840049764244913  0
0.5660134714403581  0.3985233959857587  0
-1.0812992985534395  0.8720312742159767  0
-1.3297762531604207  0.22093123584056873  0
-0.39336588851558274  0.24772525391057398  0
0.7773699973413625  1.5808445948176533  0
1.319827796729265  3.6754127096907028  0
0.615780308071814  1.5925833237672964  0
-0.30539174371376515  1.2187663270625475  0
1.3086894330035617  1.072688589009856  0
-0.4300315864698263  1.995169029793452  0
0.11437687801136814  2.556835175595943  0
-0.48613632582537175  2.0678167579731537  0
0.3757540473407577  0.8471936352503779  0
-0.7302560181169853  0.8364519563108506  0
0.41015675993857903  1.4250778553174732  0
0.7258609832525741  2.545667349243021  0
-0.3060630924471741  0.3903859684144225  0
0.15851524852153526  0.9141098858950153  0
0.5160384949352229  1.5827299923261733  0
0.11439904211510955  1.7400555742420385  0
0.24809320218647216  0.4122319159972272  0
-0.25046675602266  0.5710220123879648  0
0.6487342009347967  -0.06789073487815678  0
1.99072761205135  1.7443366843542831  0
-0.6397242647528812  1.6789745545037853  0
-0.10588094073195904  2.2100267197943326  0
1.054554358371035  1.7039452591872817  0
1.3276645503871753  2.6108281046733746  0
-0.42554458184981936  0.7122639613358924  0
0.5719856413845741  1.8760214094208714  0
-0.3182290388914727  1.006919642204713  0
0.9554451149923319  2.9619743523762425  0
-1.0148617879463042  1.3352450828059355  0
-0.014084163273422219  -0.07681520673429953  0
1.2915546055989988  1.3352852839640836  0
0.27916846925320304  -0.4842918943106427  0
-0.8140726319862444  2.000642800142206  0
0.19948849751714814  -0.7510913850466971  0
-0.8496286513271842  -0.5075349593294005  0
1.2290255859745867  2.8785459373501903  0
0.7720829817170872  0.9231637139721479  0
-0.49965139589505875  0.43804882438083725  0
-0.29122599552506817  1.0923838427700119  0
-1.6030398639490453  -0.42525729994641703  0
0.136397297012649  -0.21097403662937664  0
1.037201041400448  0.679248090417033  0
1.1290485058348387  2.6812205759483136  0
-1.209666923959593  -0.21841749006676547  0
-0.8755445184403636  -0.0015881583181511782  0
0.2763530882173637  0.5777021880242117  0
-0.7544387033918791  1.663363926040545  0
-0.7584001529540069  0.9030092652264217  0
0.010432364311203536  -0.9662951560044237  0
-0.715756275591389  -0.19356591994580907  0
0.5044604515744353  1.931530856023122  0
-0.48299335673889093  1.0740941662313244  0
-1.4285031958965249  0.4975744785410132  0
0.05593365845976128  0.0495399563204606  0
-2.051785470928673  -0.5257301771760103  0
2.835673627136833  5.042889944004793  1
2.248257886597012  4.024643138644743  1
-0.08929781406315285  3.2637287060048887  1
0.8032648401411784  3.8700162558836713  1
0.2232414003629476  2.917913839316311  1
1.3959832578302012  3.772430938480613  1
1.1172034264859032  3.008171657913523  1
0.2517607592378134  2.9582953857221983  1
0.5568352536355908  2.8455417208547225  1
0.9517676691990957  3.163492743680336  1
0.09601487375401507  2.459563182888602  1
2.3682748566373557  3.7105526611770676  1
0.647612735634728  2.7221103971073592  1
0.7591306255098069  3.034361125900105  1
1.1028275941087673  0.6607018262873354  1
0.5338547827407201  2.503404597982261  1
-0.5632354886345847  2.004794071557632  1
0.9448173888112052  3.066443844878928  1
0.6039790354668533  1.1327786685812387  1
-0.025504543075058894  2.680608044578654  1
1.4660403897521492  5.0856119130064785  1
-0.4464761720155863  1.844321260644181  1
0.8101095786369792  2.490118956967878  1
1.0179446960527234  2.9461963914205263  1
1.3496441388903808  3.1146465575520534  1
1.7083580380911767  2.504968431011915  1
0.7901083529437501  2.00005702900604  1
1.1746301575035378  3.968869228487871  1
1.5974235062170692  2.713284975212395  1
1.0701185895758363  2.8934905569323277  1
3.3584233403809995  2.7998652471310246  1
2.622237792908394  2.9101388717077996  1
0.25251311423044986  2.9291635525846127  1
1.7351540258842308  2.3751655108994685  1
2.607922752862487  3.6726965472419892  1
-0.8849009875018468  3.081341927331229  1
1.8648544820604225  4.24924340652656  1
1.044944904493389  3.0343267985220503  1
2.241063448610083  4.933180603990293  1
0.5476976552641072  2.308486706887245  1
1.7041527767905822  2.418521243498316  1
0.13450862131837182  2.633146771993496  1
1.4628817434589094  2.9480595846677353  1
0.6424441785694202  3.7947178814486064  1
0.6539597766708268  3.997131369922796  1
1.133055412588563  2.0908356297780024  1
0.8052410649259502  2.4551411212151297  1
1.3614139015932656  2.6497690223960233  1
-0.944706553487104  1.3592398548719753  1
0.8552044872119287  0.9140105706970378  1
1.6087592972314932  3.2964540400713904  1
1.5591962338932799  3.4449595400123774  1
-0.0493302949093688  2.7171659240406156  1
0.780415226554809  1.7628692202451892  1
1.0205036951782485  2.934837012442516  1
1.4043730623857715  1.0841141625530604  1
1.128406175258219  3.1889572419074343  1
1.9492628811351707  4.262919763188328  1
0.8415768072090943  1.231293050840156  1
-0.5701468154708282  1.6603828388105921  1
0.9019003423555622  2.5691677122131327  1
2.042616141586625  3.621488028882316  1
3.175009498826234  4.580379756668979  1
1.3783098998888998  3.0703968493591183  1
1.14736919129486  2.843473601651884  1
2.242383014228774  2.547019103415549  1
0.634873177260799  2.4420109424778143  1
0.7091244295617081  2.248142192914287  1
1.5669026997557465  3.8984126729150352  1
1.4280654170592357  3.058330057933547  1
0.6798308045240034  3.633617246119382  1
-0.531921047994578  1.8308991391503147  1
0.2239354950863237  3.0913338289146015  1
0.626460899604872  4.136977819907607  1
2.9460413012201885  3.9049643923596506  1
1.2864097578397886  3.985721349220506  1
1.6231709532916707  2.7509866957281535  1
1.5959783007444277  3.715876550292706  1
0.20960658411323485  2.717567102287974  1
1.7945350620772278  2.862568119402752  1
-0.2543414134096882  2.2354909298581456  1
0.03516887157627535  2.798342235336283  1
1.738247247102798  2.9980909565388703  1
-0.06586811314952312  2.8790206440538855  1
-0.7479582197027081  2.1615411884089446  1
0.829993693095871  3.034272077828033  1
2.133630253228543  1.7707539953713152  1
0.8789522490802698  4.081174762229512  1
3.7502934735453244  4.987862052733845  1
1.491442714284128  2.901595257969762  1
2.3783692188058203  3.102146682849715  1
1.5170129450413503  2.5064836935307255  1
0.5522173721750847  2.2605722984904135  1
0.9766492638223008  3.1081854968729847  1
-0.4661364547585196  2.581915514261335  1
0.28281084240010723  3.9454620670423535  1
2.275819697695611  2.825701598826629  1
3.2184498626113567  5.329769682747494  1
1.181160578767794  1.6990994928964116  1
2.5013527906058197  3.6287686453371752  1
