0.8724030246466993  4.762577396136877
0.7791821017914679  3.8059096876644647
0.9264169518792756  5.110890002401248
0.2843460628943597  4.202661739942729
1.181199023045557  4.236201825095065
1.506940859017369  4.261550976729893
0.0016813886389989152  4.152008639355031
0.008266210801888496  5.468500790335441
1.2655970418010432  6.149573650379883
0.9334866185485955  6.24029897548761
1.2095995067315848  4.668775184660372
1.297452534144738  5.660791937918948
1.0665095721123008  4.0461551773060815
0.8823936579153505  5.0107036399942
1.0655464169895734  5.586595441049875
0.881692800445553  5.842507595966018
0.7877775197870495  5.239503421498695
1.448521433250239  4.92331028741139
1.8596973381591124  5.517979846688507
1.0388566393245235  4.720021023616608
3.686090913121227  1.7077003557692145
2.193620531939767  0.938061397847235
4.051815724790242  2.0258997247791504
2.6508263984451244  1.2328175430067965
3.1960115256338475  1.8998454943307146
3.263159446026314  2.031801095647102
3.5892457691043025  1.8355648810679568
2.2147901699977366  1.6722536432630044
3.9428564179884913  1.4926880919392218
2.3544893820745854  2.250729807555086
2.226268434630205  3.305305955508242
2.2030115347167953  1.9036190531811574
2.6738601073149963  2.461699787682989
1.7113046164861472  2.4700479779638296
2.338850458756977  1.3118200080398097
2.6787975669832664  1.7262671279292285
1.9231473954773837  2.537275250657362
3.029079359145182  2.476039259971714
3.4074903130218623  2.1134466287163125
2.977022725354247  2.3732971631197515
4.509845046915263  2.368968688180757
3.7699078327268167  1.5536036260375181
3.846165784097213  1.7659599316827383
1.842825644561205  1.7120217830807627
2.7756843441360215  1.020743013865545
2.2520185618204867  2.7473960189048086
2.95299128343462  1.712901782905196
4.090737124041308  2.020128189498141
4.177723681047014  2.61840863390369
3.0822801712298826  2.9964738530547277
5.589694276327593  4.799120838933283
4.820434478155344  5.568867894230826
4.342354536242702  4.907933893418941
4.4950296914441425  4.017972168702597
4.673823551535787  6.2003608519634055
5.821269353296842  5.484158604770441
4.833318709711183  5.483908928465114
5.3790082174627  5.681042630856653
4.55414535581555  4.971498809354089
5.197447427461171  5.907972947682459
5.733411885165324  4.199805848870001
4.56073984308331  5.1898591557656575
4.896350183846719  4.9501730095304435
6.30335010839107  4.387472763079816
3.8679268887999134  6.400010742969963
5.521912926172836  4.959404611858045
5.6838854873144395  4.2791128960430935
5.73043536394869  5.073687144599922
4.624872430688691  5.168478371404915
5.383415702765116  5.4647001524825765
5.075491669795655  0.06094484124105237
7.935821235880033  0.5506381054918352
7.363840138392929  -0.5371653310527147
7.395143986381067  0.9396483991434245
6.840733162796608  0.007262112164539425
6.326723177426452  -0.11205522653448874
6.718046757557744  1.1192234409858601
6.343355168617059  1.3502556934365293
6.960654094728443  0.7997986436827291
7.633485205168056  0.17649982523412944
6.83005229471248  1.5334796977178689
7.650481469036514  1.7000399015208285
6.935272094077695  0.87683241479462
5.676601611102289  1.3506997259956375
6.99522556728252  1.027955807059506
6.444758478993277  0.7046629888927978
6.828753612042201  0.335261176796521
6.969003182337107  1.1564116523983328
6.631872677047502  -0.8018457952745166
7.601935936377095  0.4939933248954246
6.550525395211578  1.0414651873362217
6.469812554368795  2.0113039592718085
7.910290985307996  0.8658400578798575
6.043846373089662  1.41475636067877
6.044459306486729  1.1269986360874122
7.352817529016626  2.030748967407357
7.742495519274584  0.01015391550569722
6.931925021607109  0.5450357949773512
6.395675009840812  2.5362829485712552
6.806315969606117  1.4026603829798097
